HO 71 44 78 22 20 17 80 22 79 77 95 82 36 84 63 44 28 37 62 15 12 25 96 90
79 56 26 38 90 96 95 62 60 32 20 67 94 90 60 37 88 56 37 34 39 99 80 18 23
47 47 70 48 53 83 44 83 17 15 17 74 58 20 96 11 86 84 55 40 45 45 51 22 92
15 47 45 95 17 82 24 19 48 94 99 24 62 16 84 75 86 10 89 32 16 70 11 73 72
98 78 82 93 43 42 96 53 75 75 29 38 59 63 28 44 53 49 89 28 30 54 30 73 73
74 96 52 73 73 14 79 22 87 40 88 96 12 44 51 44 64 52 66 22 31 51 44 95 27
17 28 50 54 27 37 87 54 78 59 46 24 80 72 97 97 31 73 54 83 34 61 70 25 40
94 41 43 42 44 51 71 20 49 86 13 30 29 91 10 58 50 97 96 14 35 58 52 59 91
20 11 16 15 17 60 60 11 48 83 99 97 64 81 47 67 41 48 64 66 13 46 20 11 95
90 66 46 19 64 73 70 93 17 78 53 52 47 70 83 59 97 28 35 75 55 83 71 95 16
41 33 37 93 42 15 45 21 69 49 29 94 91 73 89 69 51 95 81 89 94 67 75 55 23
73 28 31 17 91 28 97 77 56 39 82 25 12 51 68 55 88 87 78 29 56 66 27 32 39
71 79 67 92 12 59 56 55 81 14 78 95 75 56 20 18 65 87 24 48 22 57 51 29 77
91 92 69 63 51 22 59 10 54 55 14 86 80 42 57 55 26 96 38 28 93 28 43 62 58
84 76 35 70 34 98 76 65 68 64 59 28 97 19 74 44 82 95 56 36 55 63 71 47 59
67 11 55 41 56 54 36 75 86 17 56 17 23 48 43 17 41 40 70 40 11 25 44 82 75
51 46 20 41 59 34 38 35 23 48 95 79 99 85 54 25 66 53 13 74 25 60 97 55 14
43 RR 56 65 99 78 49 85 57 89 75 54 62 58 92 53 73 56 68 69 45 31 90 75 87
95 43 77 46 91 45 59 20 68 31 90 21 92 11 69 67 23 19 54 52 42 37 64 36 85
47 43 96 93 57 63 21 84 76 19 35 57 73 88 21 17 63 84 17 70 16 93 51 17 44
23 46 55 52 10 29 76 24 10 92 97 25 70 20 64 26 44 44 36 52 64 11 94 50 72
60 49 45 21 66 14 68 72 99 79 64 97 95 90 88 71 80 82 98 53 56 70 31 32 87
61 90 74 76 62 93 72 52 95 71 71 37 96 41 93 82 13 65 10 16 32 84 85 93 13
52 84 49 87 33 43 25 75 36 34 27 47 28 84 72 69 47 65 90 75 36 62 61 94 87
57 30 69 67 33 75 25 79 82 79 25 95 27 82 93 48 66 64 58 19 26 69 41 20 22
44 42 93 74 15 20 62 24 48 24 97 69 66 82 74 33 60 47 73 32 56 60 16 63 65
37 34 85 46 18 71 90 18 94 68 42 68 22 53 58 69 34 91 92 46 52 30 93 45 16
60 54 32 24 18 29 99 66 14 36 36 41 78 71 45 24 34 77 64 69 59 85 48 23 62
58 65 31 28 89 52 30 74 51 36 36 91 54 91 52 89 46 25 17 44 49 26 83 30 28
72 88 81 77 68 50 65 47 69 60 56 12 58 77 87 30 96 59 38 90 92 67 63 72 31
81 50 82 64 47 54 87 26 33 85 86 96 34 45 68 90 54 84 66 14 52 27 76 88 85
24 92 50 70 72 65 12 34 32 27 13 12 82 76 34 90 62 76 71 35 68 59 86 58 74
30 83 48 80 63 16 53 58 AY 58 64 95 76 85 71 81 54 25 47 52 91 41 84 92 44
76 92 97 60 71 74 58 46 54 65 86 95 79 16 55 79 94 99 48 36 16 35 23 59 41
69 67 52 98 62 59 67 79 17 73 32 14 47 83 86 61 79 57 95 67 91 55 82 69 52
34 50 51 64 45 72 40 11 40 25 78 95 61 25 47 80 49 51 22 34 91 30 59 26 34
14 81 72 31 96 63 51 10 77 69 28 48 84 38 15 37 78 44 68 20 40 57 18 37 48
75 96 48 27 23 80 52 96 52 32 98 97 12 70 49 72 43 13 75 52 86 61 26 17 44
36 52 58 24 53 64 79 62 94 79 94 67 66 37 98 34 23 91 64 92 89 89 67 45 49
49 50 15 24 34 56 34 94 26 86 71 62 81 74 97 56 87 61 81 45 65 27 39 64 25
28 98 50 63 78 98 34 32 66 74 95 40 19 50 72 45 45 90 41 62 58 40 80 54 84
41 51 44 64 10 66 42 46 48 24 18 21 87 19 33 43 62 61 26 18 83 92 68 89 98
14 73 85 27 63 69 68 37 27 21 80 50 83 54 68 88 15 37 19 73 58 43 38 87 16
66 73 87 49 73 46 69 18 70 74 26 93 38 18 85 91 21 49 27 29 64 25 56 43 77
95 10 77 34 30 77 43 55 32 38 85 62 79 24 76 94 47 65 88 73 59 72 65 22 91
89 27 33 35 32 99 81 79 83 44 97 55 25 25 59 26 73 17 62 48 67 60 27 97 97
53 91 82 13 24 64 51 88 83 33 12 40 73 12 92 40 46 36 32 34 34 22 18 69 13
58 53 78 23 23 39 80 37 49 38 51 14 48 57 82 94 30 97 28 23 91 52 12 23 87
11 65 41 38 23 12 12 54 28 64 14 33 10 75 51 57 94 79 77 43 81 93 23 56 96
71 97 97 33 25 12 96 55 83 21 51 19 26 89 79 50 35 62 99 82 32 79 44 64 10
60 46 28 67 26 51 53 83 53 31 57 14 73 26 42 40 78 55 56 17 84 64 59 55 89
22 12 22 11 61 54 38 60 24 37 15 81 71 43 21 96 17 22 93 32 17 46 75 71 82
76 84 42 14 85 97 92 45 88 69 99 23 89 71 81 66 45 69 88 82 79 90 42 56 57
19 32 74 92 82 17 94 11 44 30 94 48 39 89 21 77 62 64 52 58 88 22 34 97 52
86 70 72 73 16 17 82 42 97 70 98 64 66 28 37 95 19 80 16 27 34 93 66 21 43
10 52 20 88 38 25 70 29 58 71 81 35 80 47 90 66 26 28 59 43 12 93 45 93 19
55 81 27 76 26 87 89 17 80 65 83 86 10 72 54 70 50 79 16 57 54 15 85 17 38
86 28 82 70 63 31 13 86 76 25 40 37 11 60 22 77 17 82 33 96 56 11 33 21 62
69 46 19 78 55 87 18 70 87 56 83 99 29 45 51 12 19 90 55 98 84 40 25 24 57
82 48 41 89 18 76 76 57 15 61 90 64 85 54 94 27 34 66 38 48 60 56 88 95 42
44 94 86 62 48 71 14 49 84 98 31 16 48 67 54 54 81 24 78 89 61 15 87 56 44
55 94 41 81 45 82 81 66 20 43 98 22 65 48 65 36 78 31 15 79 85 68 64 62 79
84 22 84 28 19 66 43 76 84 82 70 52 61 49 85 80 31 36 66 67 81 81 59 21 18
89 23 10 45 84 88 66 99 94 63 69 49 41 13 60 47 30 51 16 15 81 54 88 70 77
61 75 68 10 64 29 13 15 37 29 24 62 63 16 11 98 98 66 25 62 10 36 45 33 71
11 19 20 30 20 47 37 52 52 74 35 36 59 94 16 50 45 71 91 99 75 95 84 16 49
15 40 75 25 59 63 44 51 99 27 54 12 42 61 63 69 88 39 99 51 77 20 79 66 42
45 52 19 22 47 42 78 82 21 74 70 90 10 93 68 93 20 11 83 58 68 30 73 22 64
53 62 63 71 78 35 48 96 34 24 48 78 79 81 46 37 86 50 35 42 46 15 83 81 75
31 37 22 40 78 94 34 94 52 92 89 92 54 85 16 20 88 95 12 14 25 25 16 91 20
92 64 15 46 39 56 84 13 87 75 16 81 29 13 39 43 99 42 44 83 31 87 19 46 91
38 13 40 18 64 98 16 13 37 69 84 57 57 10 53 57 79 75 85 91 14 15 34 77 50
78 70 87 85 50 49 60 50 23 32 77 83 39 16 94 32 88 37 87 15 85 94 82 76 98
59 65 31 80 87 32 95 31 58 12 88 39 74 65 77 37 16 11 94 23 40 86 94 69 47
16 21 15 29 27 49 82 38 45 80 16 27 48 52 65 37 46 48 72 27 47 93 17 90 25
53 71 97 95 81 82 46 31 57 55 50 21 23 17 94 31 18 97 24 86 54 28 40 38 90
66 23 14 74 57 80 63 76 89 62 85 75 27 35 12 62 20 84 89 76 94 37 32 86 68
90 12 57 18 85 63 67 74 76 88 30 41 66 67 34 83 43 31 63 16 30 64 41 41 44
12 92 42 71 92 85 58 33 36 64 50 48 19 93 77 75 72 67 24 82 98 73 89 40 46
49 19 23 74 28 13 34 38 62 37 86 58 80 24 89 56 26 30 22 21 56 14 52 18 82
13 47 77 48 34 95 70 51 41 26 46 24 35 20 92 91 68 35 81 40 17 83 40 41 13
86 70 56 76 75 26 46 74 87 48 91 65 87 39 44 90 68 66 30 13 16 99 27 19 36
38 61 91 56 29 65 97 95 30 58 20 50 33 12 15 15 17 21 64 73 77 83 22 15 63
55 69 62 15 23 72 31 54 22 19 33 63 55 46 19 59 22 92 39 84 34 12 60 96 18
81 66 30 28 88 25 99 90 35 29 62 17 24 56 70 28 28 59 99 51 13 16 34 33 29
35 20 37 95 59 99 55 37 38 40 19 21 39 12 15 28 48 96 55 42 73 58 35 76 _Y
21 31 27 10 64 89 67 87 23 76 36 80 62 52 29 23 63 26 80 12 73 97 73 12 83
15 88 69 71 40 82 17 97 78 56 21 53 89 79 19 54 82 10 99 57 12 41 89 47 17
62 92 70 66 22 81 30 74 31 60 23 25 60 88 11 26 74 77 40 12 86 84 70 86 36
50 65 44 79 53 10 33 35 22 59 73 81 74 87 19 30 72 52 88 57 58 84 77 74 85
69 89 93 34 31 45 10 38 93 85 69 12 91 84 29 12 56 35 87 11 31 11 27 49 39
71 76 87 66 22 32 52 25 21 34 49 95 79 59 88 33 62 64 70 79 74 19 22 30 98
21 44 35 41 86 49 59 21 47 14 65 22 72 91 31 11 53 56 38 26 48 32 35 33 93
50 18 32 73 47 55 41 10 28 88 13 45 39 14 69 91 74 63 44 87 18 66 45 41 73
51 57 16 33 76 59 67 22 92 99 78 57 50 28 79 13 72 64 95 75 13 53 12 46 26
33 23 80 53 56 83 37 85 73 75 59 87 93 26 69 12 55 41 61 56 97 49 96 13 66
67 80 39 37 31 59 54 11 69 65 32 93 78 15 61 11 51 27 71 81 34 99 22 34 94
33 11 42 88 76 27 64 94 67 19 48 82 70 95 78 38 61 41 94 54 45 89 75 58 30
59 94 92 40 83 15 31 91 50 22 56 76 54 49 81 42 50 80 94 15 97 63 90 21 18
24 75 29 81 44 49 14 64 19 81 31 96 16 96 47 67 20 56 63 34 26 63 51 13 20
87 28 75 87 35 70 43 90 63 12 57 78 31 68 99 94 75 21 99 25 62 31 16 38 89
44 30 98 78 10 33 37 97 82 56 98 99 92 10 25 21 55 58 70 71 85 66 56 17 75
81 52 42 10 40 96 39 71 39 41 42 36 72 29 36 10 57 20 41 85 73 38 77 23 66
42 40 33 34 35 18 51 95 70 70 16 92 55 98 28 56 70 50 16 78 67 82 83 48 32
93 26 90 75 12 40 67 75 86 95 31 25 96 38 97 45 36 87 52 79 40 70 56 99 88
73 94 42 28 20 33 98 85 80 74 19 31 10 23 26 65 93 99 59 63 13 21 39 47 12
12 92 30 37 77 35 68 65 17 28 12 81 39 35 42 66 71 38 78 90 77 47 65 90 86
60 24 47 47 90 31 40 82 84 57 62 68 90 55 97 57 63 45 14 11 54 64 25 41 46
73 36 88 13 28 99 20 61 61 93 85 84 94 50 76 96 80 97 27 72 48 30 70 42 88
60 21 66 82 88 32 91 72 36 61 53 57 95 58 29 80 54 85 92 20 73 70 48 61 35
65 33 12 93 97 64 83 26 55 71 86 53 60 63 36 88 83 32 22 76 41 21 55 29 48
63 25 25 75 74 85 26 53 52 47 26 36 41 80 74 43 59 99 25 92 37 63 22 68 91
10 41 33 53 53 77 14 96 45 67 57 42 62 13 90 45 50 53 83 36 13 65 87 77 79
83 36 72 53 90 61 67 31 41 21 52 93 48 51 74 71 60 51 63 11 24 81 92 75 49
65 95 97 72 21 27 85 51 63 12 87 52 70 52 45 56 69 39 79 40 24 97 51 61 79
97 45 45 44 36 84 92 23 93 18 76 16 38 97 48 98 30 61 18 27 26 69 41 76 24
62 10 50 53 98 19 78 41 63 85 11 49 82 58 73 97 18 17 74 16 36 13 39 26 51
71 96 58 38 77 10 41 50 12 12 57 57 34 40 91 77 32 58 18 13 22 16 78 52 49
87 73 51 62 14 65 77 89 87 41 10 84 11 80 40 57 20 50 88 29 45 86 58 94 30
11 55 68 92 74 83 38 21 47 73 48 67 63 62 54 63 14 22 34 78 26 16 89 94 13
72 99 95 60 18 25 98 37 33 58 34 13 41 95 50 13 17 29 79 96 94 74 29 90 46
59 89 56 78 49 76 95 31 11 48 56 67 48 33 21 58 51 45 25 38 31 19 99 93 25
65 62 25 44 28 59 75 29 29 50 17 13 55 26 69 92 85 42 15 45 50 70 29 78 43
79 58 36 73 11 99 45 17 42 80 44 52 42 13 77 41 39 55 78 83 93 15 82 19 37
52 21 31 67 96 79 94 68 68 33 72 22 20 64 11 43 39 13 23 84 38 25 35 47 34
81 89 72 64 24 92 32 77 46 31 26 36 33 86 97 88 14 88 28 79 38 37 69 15 39
34 22 20 81 76 32 46 22 36 68 18 16 80 61 64 85 26 20 62 50 38 70 30 70 58
30 58 74 39 24 41 79 49 46 81 56 68 94 22 15 48 93 12 80 65 87 45 82 99 76
27 21 36 69 62 71 51 34 37 41 56 37 58 92 54 29 21 96 87 14 51 41 42 95 94
14 94 56 71 27 28 22 16 54 24 59 36 54 81 96 76 76 66 30 34 13 18 54 78 83
90 32 18 93 91 68 74 93 34 83 23 15 18 11 50 31 41 31 39 17 43 43 69 27 16
51 95 87 26 27 88 52 11 64 46 87 97 16 22 50 59 37 62 99 83 64 99 39 83 94
55 47 38 80 69 94 63 75 10 15 89 68 64 75 36 17 42 77 59 24 86 41 71 29 73
19 50 20 63 17 44 82 53 81 70 70 58 98 55 56 57 98 91 38 49 94 57 55 86 82
12 90 64 86 85 76 41 73 31 32 67 50 72 42 36 72 68 82 66 42 74 64 94 92 29
53 92 71 18 48 28 59 86 78 99 94 19 60 74 26 46 72 42 26 41 50 21 38 90 13
94 55 15 20 37 46 93 59 86 28 25 69 41 92 56 97 98 37 25 79 28 28 94 83 55
90 76 65 98 36 33 80 21 52 83 78 86 95 16 26 73 33 53 63 29 75 47 13 13 81
78 12 86 72 26 94 72 19 95 18 78 27 24 90 94 87 80 34 94 51 40 94 16 54 95
55 12 46 27 29 86 61 67 94 15 96 92 21 61 44 63 50 84 92 34 28 10 90 18 33
24 69 46 62 25 15 96 92 21 98 58 68 88 96 77 52 86 50 92 40 14 40 71 68 12
91 80 29 62 71 20 52 18 18 72 84 36 83 74 97 53 44 91 24 80 31 39 41 67 33
23 62 24 56 79 82 33 34 47 74 65 75 92 50 47 79 30 74 85 39 46 23 31 12 45
95 87 27 78 20 69 49 97 18 94 71 23 43 71 35 87 57 38 30 71 19 66 75 64 47
28 12 31 98 86 80 85 72 30 68 41 98 42 32 27 28 78 70 56 96 58 48 33 43 38
48 75 68 63 19 47 63 36 81 91 40 17 78 35 38 26 89 34 55 15 20 86 73 52 59
73 37 26 85 57 40 27 78 42 72 56 10 40 75 95 30 31 34 96 56 79 80 25 24 75
75 67 11 91 52 15 67 56 87 60 92 40 36 24 19 29 42 70 38 51 37 68 61 16 44
62 21 15 51 84 18 66 94 20 52 98 40 17 71 56 21 18 20 34 43 79 74 66 12 23
40 30 71 91 56 69 51 28 82 92 29 72 93 55 74 14 25 10 24 68 51 80 98 54 85
85 89 10 65 71 37 50 42 27 18 75 75 15 97 38 96 92 57 29 28 53 36 69 85 64
75 88 53 51 56 12 53 17 51 45 18 91 91 61 20 70 53 33 54 36 94 35 34 48 59
21 33 46 14 75 11 58 30 85 51 20 24 51 35 50 84 16 63 79 74 21 17 12 48 51
83 22 29 81 61 31 83 23 99 69 35 48 14 25 61 14 72 62 67 16 83 90 19 17 50
60 79 64 61 46 95 69 22 90 55 31 28 50 74 64 15 10 18 20 86 30 72 39 85 62
OU 68 72 39 45 79 70 63 32 63 66 97 69 85 62 93 70 84 46 17 12 47 22 73 66
63 18 23 64 41 42 25 55 17 88 89 86 24 32 14 45 72 16 88 43 69 48 22 56 84
71 15 74 88 33 81 24 61 55 41 69 22 98 65 26 88 59 63 25 84 50 17 13 16 47
16 32 45 61 66 90 76 92 45 28 86 52 46 44 63 59 16 38 76 38 10 54 25 28 87
43 87 55 94 92 99 94 29 35 78 18 41 85 30 59 93 33 28 52 39 57 87 10 64 91
42 82 79 39 96 87 63 27 12 81 74 79 94 74 61 63 22 28 60 57 71 10 38 16 48
74 68 13 95 80 97 72 83 63 67 72 67 55 48 90 47 62 46 68 90 63 65 94 63 22
65 74 40 89 23 96 46 56 49 90 97 72 76 67 69 65 12 50 95 65 16 31 97 88 98
62 27 20 19 98 34 74 56 45 82 70 35 61 44 98 94 61 90 89 82 67 17 53 81 80
43 25 42 24 17 66 60 44 63 17 43 85 99 53 86 34 26 29 76 24 26 60 20 86 18
57 74 89 56 14 55 41 81 46 86 94 20 86 62 96 47 57 44 23 57 28 89 54 50 76
81 45 32 29 62 14 13 62 27 87 88 24 83 89 91 86 50 46 19 63 53 17 72 13 30
19 22 59 13 80 41 43 99 80 68 71 85 14 72 57 30 60 16 99 49 18 66 38 76 99
14 37 26 61 99 32 20 19 19 70 95 85 33 80 89 63 35 84 13 97 72 39 10 51 54
45 37 22 15 95 55 45 25 55 71 99 42 35 21 37 54 77 44 24 87 58 38 80 75 34
47 94 23 23 12 69 35 53 36 99 84 87 62 71 14 34 44 97 94 97 68 81 19 46 12
32 27 94 44 16 43 25 20 68 98 48 64 28 27 57 22 57 22 43 69 78 83 94 34 25
57 73 77 82 64 77 51 26 54 92 51 86 76 14 72 45 32 72 11 76 39 66 42 67 43
15 49 63 67 73 50 76 36 45 77 53 70 43 22 72 72 99 84 13 59 69 98 88 92 17
78 30 25 94 86 61 67 66 24 27 38 50 89 58 47 96 90 79 92 23 87 68 82 64 20
20 44 98 96 17 71 92 63 59 30 56 97 53 28 42 36 63 43 30 90 58 95 22 72 51
31 18 53 60 36 38 31 71 34 40 18 88 74 33 37 94 99 87 89 65 15 45 50 40 27
31 46 23 14 76 32 13 44 31 69 77 28 89 76 84 33 90 12 18 37 34 43 60 74 66
42 45 89 12 70 57 32 70 45 14 91 32 89 55 18 65 63 39 99 77 49 31 25 74 28
50 31 97 17 13 14 45 11 41 42 43 62 55 89 18 75 88 59 11 47 93 37 80 94 94
45 67 68 44 98 61 66 69 50 50 55 68 62 66 88 43 30 34 25 23 56 47 99 53 92
94 61 42 14 60 48 47 40 75 76 39 27 21 28 84 42 18 76 50 35 99 20 55 24 89
64 17 53 77 81 10 41 75 15 39 70 31 62 94 79 48 10 44 24 90 27 44 30 83 68
11 15 88 13 48 56 83 30 17 25 43 43 47 77 38 65 23 22 64 76 96 60 68 26 33
41 33 97 37 23 57 92 85 10 54 10 21 66 38 62 96 76 72 51 43 91 40 83 14 70
34 29 95 19 46 85 41 41 18 10 42 62 91 23 95 85 85 66 88 44 24 93 74 19 82
93 69 45 38 56 10 64 89 79 30 60 95 47 54 58 21 86 11 18 79 58 71 12 14 10
80 42 62 45 44 76 61 72 98 87 19 96 15 67 53 64 92 44 30 30 21 81 13 37 53
57 92 70 19 71 79 31 99 70 18 68 49 27 37 44 60 10 35 25 59 99 50 42 25 80
18 40 58 13 28 25 66 39 13 96 13 60 97 19 93 98 27 63 80 56 77 37 83 21 90
82 87 52 37 67 12 24 14 50 84 89 33 91 26 12 83 10 74 76 85 96 88 56 97 32
99 83 90 18 14 11 24 67 93 20 29 32 47 54 84 70 46 86 69 85 35 59 96 60 56
79 72 90 78 86 59 91 17 22 92 64 11 29 93 27 69 26 56 14 10 68 70 85 84 50
53 54 90 66 36 33 39 34 94 66 20 63 36 81 97 33 87 19 84 91 49 43 67 47 79
87 87 22 48 77 47 68 55 66 85 54 20 99 20 76 51 26 95 35 85 83 42 79 12 75
37 97 68 60 17 61 61 54 47 69 15 14 60 38 12 16 69 28 90 69 88 64 50 20 44
50 92 60 38 77 56 20 50 14 29 94 33 26 15 15 70 70 44 16 18 31 55 44 14 14
12 98 72 21 10 73 79 22 65 39 59 18 38 32 91 82 13 60 61 66 69 11 87 83 24
45 57 47 71 22 63 50 71 36 66 86 56 47 87 67 61 54 38 31 14 50 13 38 26 64
44 92 58 66 12 82 82 41 51 12 52 62 52 14 26 54 18 17 16 24 63 20 74 76 49
77 13 81 86 70 69 29 15 16 92 39 86 41 89 81 63 18 27 91 82 84 39 67 93 73
60 30 28 50 10 51 88 42 41 62 85 93 28 74 11 15 58 83 94 50 23 53 19 36 96
73 24 31 22 80 55 73 55 82 96 99 64 25 73 29 90 42 92 21 37 88 64 50 49 87
67 61 53 58 75 93 17 28 98 71 85 96 92 47 76 19 43 62 57 19 35 91 87 71 87
55 93 18 79 56 50 22 96 47 86 98 58 94 12 93 95 14 63 83 67 37 31 86 88 54
80 90 64 58 61 44 79 54 76 49 90 96 59 49 22 97 58 24 20 88 45 11 31 76 32
22 21 95 99 63 25 89 88 54 92 59 93 57 92 99 22 24 36 45 89 19 87 92 75 84
25 28 80 64 49 98 84 50 75 66 75 81 32 78 10 78 67 30 36 65 71 82 50 92 21
31 96 29 80 68 66 70 58 95 75 50 58 59 52 95 72 85 24 77 22 14 58 38 66 65
51 74 17 43 81 58 56 36 63 53 23 12 37 29 18 74 36 15 88 25 59 49 21 45 80
24 95 62 95 55 52 48 51 89 72 77 95 51 46 76 80 84 63 12 83 99 74 85 44 30
23 31 24 93 26 28 13 20 40 73 30 36 76 68 54 69 91 52 10 52 30 48 88 36 65
40 33 55 62 41 89 27 70 95 69 88 14 58 47 18 21 11 90 20 59 57 13 46 26 73
15 54 80 80 34 12 11 54 20 71 22 32 91 99 68 50 87 53 83 38 81 98 27 89 50
26 35 13 87 13 71 35 62 52 13 28 30 82 34 53 78 54 10 74 97 77 19 14 17 11
22 78 12 67 60 63 26 45 98 38 22 40 87 89 78 34 18 81 68 93 98 30 58 60 70
48 47 97 70 46 27 71 57 16 62 54 83 19 66 47 54 86 26 11 41 98 70 42 62 21
28 82 55 81 39 17 35 82 80 71 51 39 68 98 94 58 13 13 32 80 55 55 68 72 54
56 17 12 58 96 31 68 55 25 85 93 16 91 69 80 87 73 33 16 66 29 10 74 56 72
19 34 99 97 40 87 56 24 10 79 91 99 80 68 12 50 47 92 18 29 34 47 20 10 40
97 27 54 12 63 42 83 30 79 35 40 99 13 74 89 14 83 26 37 22 94 12 94 97 78
36 47 67 56 91 81 41 38 15 70 84 85 54 80 58 19 36 50 26 92 24 62 25 68 44
64 58 82 18 68 15 62 64 95 87 32 59 90 34 33 19 76 75 68 20 29 79 63 55 40
47 90 87 35 52 71 58 53 39 31 34 56 14 86 14 81 69 97 65 28 63 37 59 33 31
79 69 82 47 90 85 29 83 21 24 33 84 13 53 59 24 48 27 28 24 76 39 62 44 47
77 13 56 79 85 13 20 56 21 64 68 35 51 76 58 89 22 47 59 59 93 33 64 81 50
95 26 69 30 91 96 58 12 47 97 53 41 99 87 41 96 23 47 71 19 46 48 35 36 90
46 98 10 44 16 47 46 18 81 56 31 30 63 53 31 92 65 42 88 23 12 59 18 97 21
22 72 75 68 88 70 13 64 68 18 79 74 10 73 44 17 30 38 40 13 69 78 47 84 64
60 17 47 99 83 22 30 89 33 90 83 48 71 21 14 26 32 51 89 78 39 93 66 88 15
12 65 65 82 48 40 14 79 88 91 11 78 36 80 45 47 65 14 69 84 92 54 97 80 33
84 83 61 13 29 87 59 50 37 35 87 91 12 11 61 70 38 37 32 65 18 58 88 29 53
46 94 85 77 30 19 66 16 42 98 70 89 64 60 83 55 10 24 54 57 81 50 77 76 39
71 43 94 35 10 55 75 44 75 26 91 54 26 95 15 34 52 22 39 81 88 69 72 84 17
46 43 67 52 23 92 25 92 87 55 28 86 10 55 25 79 71 77 98 79 50 92 50 99 96
78 13 24 92 65 22 84 89 60 83 94 71 49 42 20 60 75 38 87 75 86 58 75 95 51
27 13 35 18 69 25 95 94 77 89 61 18 29 43 50 86 33 46 14 72 89 61 68 42 54
60 34 73 65 33 10 59 72 52 52 53 53 82 79 93 37 51 14 44 61 85 77 25 82 92
36 17 25 31 12 72 56 23 11 21 76 59 79 87 87 23 80 58 59 85 34 92 87 54 22
91 76 63 44 23 13 72 95 33 67 58 43 14 28 98 93 46 12 70 69 25 92 89 87 27
47 89 93 32 84 17 77 77 50 20 26 19 27 22 33 54 29 49 39 76 44 48 20 75 28
62 45 20 38 80 53 99 33 32 14 73 92 54 90 51 87 38 83 49 35 76 40 47 17 93
82 65 50 23 38 83 11 19 80 49 47 82 55 46 28 25 37 91 22 34 96 28 57 23 95
56 49 66 59 64 49 40 31 87 63 57 34 60 36 18 25 99 52 94 50 67 52 27 23 54
87 20 53 82 95 74 78 52 67 33 87 69 61 51 39 56 17 75 59 43 46 12 86 48 80
31 32 77 92 37 14 59 14 65 44 41 42 84 42 83 78 43 75 13 11 29 29 23 79 93
34 39 24 10 57 29 74 89 86 45 99 28 47 63 75 87 96 45 58 18 76 62 83 69 98
89 32 72 64 24 74 65 11 76 63 28 38 51 87 69 83 98 34 38 25 71 86 59 85 93
79 40 92 39 22 19 44 93 67 81 21 50 89 18 92 71 70 81 69 69 18 17 26 59 53
62 25 88 42 52 14 42 25 30 42 53 26 48 18 97 89 28 30 57 54 99 54 94 60 75
64 90 71 88 86 28 61 64 39 85 96 68 81 78 84 75 70 52 29 27 54 42 57 68 74
16 98 61 66 24 50 45 24 47 87 90 14 24 49 13 64 60 48 57 19 48 45 66 29 12
68 17 72 79 99 43 15 23 40 72 84 47 79 75 41 60 22 89 39 57 87 58 45 64 63
10 14 58 95 29 26 21 79 40 22 32 31 23 48 90 40 90 75 23 23 81 81 25 45 16
61 97 82 96 82 86 68 60 55 32 30 18 83 13 90 51 30 44 39 44 98 66 59 13 41
13 21 98 57 44 12 13 40 39 31 55 51 93 13 88 46 43 51 79 83 46 61 70 49 94
96 25 50 19 41 68 30 80 33 24 38 10 25 35 75 34 99 89 90 14 34 83 48 43 18
97 91 12 93 92 77 30 89 65 56 95 97 59 62 67 78 33 77 80 89 56 26 80 64 53
21 94 40 94 46 63 39 63 85 16 13 44 99 67 69 14 48 96 45 38 49 27 94 57 96
85 94 39 94 94 29 75 21 55 49 86 65 54 10 59 24 85 87 35 74 94 43 55 33 50
44 21 59 33 13 19 34 40 73 20 58 56 98 39 13 97 95 16 69 99 21 61 93 39 41
15 81 32 12 30 77 65 97 62 83 93 38 54 78 87 77 50 33 58 21 99 80 10 68 67
75 96 80 97 42 26 65 13 60 32 57 65 78 70 99 81 63 66 18 27 89 95 45 64 67
45 41 98 50 23 86 30 90 85 77 78 94 42 27 59 87 88 86 53 50 40 45 86 27 27
13 13 77 11 12 91 70 45 51 24 78 27 38 46 78 74 67 91 84 70 73 52 56 57 17
42 92 45 36 43 63 82 56 96 72 78 98 43 24 40 89 37 57 12 70 45 74 47 50 33
74 42 47 32 35 51 91 64 38 10 44 52 75 63 65 53 28 54 61 97 33 30 82 23 92
69 39 30 88 28 89 46 69 48 93 47 28 43 55 50 58 78 15 51 91 69 87 86 71 80
27 58 15 67 99 93 74 95 77 25 23 36 82 53 12 74 58 92 68 73 83 15 21 36 68
20 66 48 99 79 40 90 15 49 45 32 53 69 99 61 64 48 80 12 39 92 89 20 26 36
39 72 43 14 30 48 50 42 76 15 27 92 35 67 32 76 19 92 11 92 19 35 90 49 45
93 52 83 42 93 94 87 35 95 30 77 23 97 29 37 86 37 11 59 11 17 56 67 14 41
62 34 33 59 62 41 38 13 41 82 70 83 77 92 41 99 16 34 59 84 95 74 75 73 21
51 73 66 95 35 94 30 48 95 64 85 18 96 15 77 93 72 89 49 36 41 44 72 39 64
73 44 76 35 23 44 86 56 66 33 24 94 84 93 79 11 60 46 55 98 26 10 87 46 68
74 92 77 64 50 94 35 56 13 63 99 55 18 90 74 14 96 16 19 95 57 18 75 15 23
19 26 42 27 83 37 53 77 30 87 22 57 60 33 48 84 90 70 34 95 32 60 27 80 93
49 72 26 42 57 29 30 45 55 99 77 95 41 75 16 53 75 22 56 26 77 73 11 63 53
39 81 81 97 30 42 61 64 10 59 92 87 66 99 97 46 62 83 87 97 52 49 40 74 60
91 63 72 46 19 49 31 14 65 73 87 31 48 27 46 97 79 15 91 54 17 75 55 21 12
12 21 27 64 30 93 50 18 94 21 55 95 40 40 99 46 79 27 90 15 39 32 82 78 37
30 12 35 30 51 22 50 86 50 59 51 92 24 70 50 49 40 98 75 80 19 89 40 14 57
72 57 49 97 72 38 83 97 64 23 69 99 34 94 60 48 76 19 16 46 53 15 81 50 18
62 11 50 63 98 35 78 84 33 26 11 13 15 78 23 95 65 37 31 78 68 17 24 79 58
96 11 41 71 28 59 92 50 37 18 18 75 82 79 31 95 56 29 57 71 63 39 30 26 33
94 50 58 73 68 13 72 97 86 87 18 14 49 48 85 82 13 89 95 86 26 69 80 25 83
72 67 85 64 53 81 60 93 20 30 27 73 69 54 47 81 55 23 31 83 85 50 83 55 54
34 69 42 18 27 27 27 88 35 39 48 42 79 52 32 76 85 67 50 35 31 50 52 21 26
40 33 43 69 66 56 62 72 89 71 70 30 57 13 20 74 40 73 22 83 23 38 58 86 61
85 48 47 76 41 31 19 95 46 43 78 99 47 35 24 89 69 18 52 77 99 37 21 85 64
55 73 19 16 84 48 42 43 52 94 11 60 67 84 77 11 82 80 91 55 47 59 18 21 23
21 48 45 54 82 84 89 77 50 37 74 65 49 56 30 21 80 10 61 98 99 50 32 98 13
98 28 27 23 93 22 73 67 85 29 29 27 46 30 13 91 49 48 50 78 79 19 80 35 40
86 27 43 19 46 45 67 57 56 63 84 81 57 62 46 82 86 73 56 95 50 59 51 76 73
97 42 88 73 67 11 79 14 50 95 61 53 90 61 63 13 68 25 34 52 20 30 42 37 98
12 70 94 84 19 33 54 75 71 64 34 30 13 75 30 98 99 71 97 70 22 59 61 46 73
86 41 82 90 75 36 53 74 39 73 38 87 70 89 21 75 15 21 84 69 41 76 75 40 84
12 81 62 64 49 91 51 39 72 60 35 80 53 57 87 61 79 83 16 88 86 94 31 93 27
25 67 51 43 84 49 56 63 19 22 97 41 98 77 17 14 37 31 75 50 81 53 16 95 43
59 50 32 55 67 29 48 88 11 26 18 44 13 25 46 92 44 59 20 97 55 25 98 58 89
17 37 59 14 10 48 31 81 19 13 81 83 35 74 37 99 73 68 89 42 24 37 91 32 96
76 40 66 53 47 79 97 76 18 61 97 35 27 55 70 37 95 87 42 55 57 32 61 37 35
80 65 47 80 63 10 _G 77 16 96 24 88 14 25 80 96 67 60 28 24 52 51 66 39 11
21 65 92 57 50 14 39 49 10 78 74 20 12 71 64 69 31 90 60 91 24 69 27 40 27
45 79 67 45 21 16 55 60 17 91 54 27 41 87 45 68 88 54 69 57 43 62 46 90 78
99 92 60 82 21 52 83 55 95 37 41 24 50 79 77 16 29 23 59 29 38 67 30 10 80
36 50 56 34 73 35 54 23 19 34 37 97 12 64 97 56 62 74 60 59 72 26 88 83 39
16 12 26 13 58 31 39 12 85 98 55 95 82 19 93 66 51 92 45 31 31 65 96 43 53
66 33 79 64 57 93 53 13 86 65 51 70 23 50 43 95 58 25 27 91 31 13 39 80 50
78 66 98 65 28 74 84 61 87 45 19 80 95 50 96 96 57 57 82 54 11 43 17 15 13
13 53 68 84 24 81 24 63 98 52 68 78 13 26 74 48 68 54 58 91 67 30 17 71 48
52 50 66 42 31 95 57 72 13 55 28 71 25 41 23 67 85 60 61 55 54 35 64 81 67
15 74 49 98 40 82 55 56 77 91 60 98 58 42 78 37 17 14 70 59 43 89 32 42 65
36 14 71 31 90 29 16 63 64 52 75 65 53 16 90 91 67 94 65 90 32 50 72 93 51
58 11 60 26 54 79 33 89 83 76 65 36 41 75 35 48 30 88 68 10 19 82 12 68 41
56 20 53 43 13 31 66 73 68 43 69 91 40 45 20 40 35 25 50 96 84 81 93 29 94
55 92 71 80 79 18 42 13 32 79 28 22 75 35 43 39 95 18 12 25 19 22 62 73 84
25 21 37 96 88 69 40 65 81 21 49 27 37 77 94 98 50 43 46 83 60 31 94 36 82
83 43 81 99 77 52 23 30 53 85 97 32 67 13 15 82 31 76 37 95 11 58 17 13 33
19 13 15 34 85 95 97 77 57 83 77 55 70 32 49 56 16 29 82 97 47 42 56 89 50
77 87 33 95 55 94 70 35 81 84 59 86 53 67 55 56 78 52 46 53 94 42 33 19 66
93 57 15 47 88 95 70 38 54 97 55 18 76 33 87 70 35 48 90 74 52 48 76 48 95
67 81 89 24 71 92 24 73 61 90 10 65 59 60 81 87 24 12 98 39 88 18 33 74 35
20 45 71 43 11 45 21 30 81 72 19 26 34 55 23 37 65 51 87 17 13 31 74 15 96
87 57 29 68 55 52 56 46 69 16 82 46 90 20 33 18 97 27 49 57 40 34 57 16 81
38 94 95 70 67 37 63 64 79 14 25 18 79 58 62 80 96 98 10 82 67 51 24 31 17
65 25 78 54 71 64 63 60 41 39 20 30 56 53 65 84 30 69 74 93 70 62 28 29 43
83 57 42 38 20 74 17 33 47 99 95 49 23 82 47 85 95 64 22 77 43 87 78 69 20
84 87 40 77 98 59 54 60 54 11 10 86 16 77 67 74 86 97 83 80 98 55 52 31 53
49 98 15 19 41 37 85 24 59 26 77 53 60 70 14 40 10 66 53 64 93 54 63 13 37
92 91 12 51 90 20 90 20 73 60 80 43 55 65 77 46 29 13 21 64 40 78 78 11 71
82 82 15 18 58 59 89 99 49 66 66 64 94 36 18 43 18 55 18 49 15 41 53 26 56
46 14 45 49 75 79 67 62 40 15 72 28 28 96 97 15 32 57 24 97 90 10 66 35 82
51 78 10 27 90 88 30 84 12 14 82 72 32 36 70 29 58 72 81 29 61 47 81 45 57
83 16 71 24 26 77 86 73 48 10 88 79 96 36 25 25 72 63 83 51 26 40 59 74 64
73 20 40 54 85 16 70 64 30 42 61 31 80 17 70 85 34 86 96 35 98 47 58 96 40
14 75 80 94 97 18 53 70 80 69 59 60 94 10 50 69 69 89 33 50 42 96 51 44 24
33 31 15 38 59 45 78 48 35 81 46 29 96 20 37 74 25 88 36 88 72 12 54 81 28
12 37 40 35 94 81 55 60 41 50 17 91 51 86 94 37 19 30 31 30 27 66 83 38 82
33 86 85 42 20 21 64 92 55 14 99 27 90 60 97 26 16 60 53 49 53 89 75 82 24
14 36 37 58 21 14 33 78 17 17 11 81 57 31 55 44 97 58 62 78 23 94 33 97 90
79 77 77 52 55 11 41 74 93 99 41 97 60 46 45 88 93 26 93 60 94 33 45 21 95
88 95 54 75 44 68 64 67 45 43 31 92 35 57 62 73 41 54 19 56 84 78 85 60 59
90 77 65 81 94 59 73 70 49 96 35 90 53 14 36 65 73 35 15 32 94 44 46 29 42
43 94 55 49 33 65 47 44 38 69 12 86 75 63 69 64 59 78 20 40 82 51 38 37 59
72 82 62 89 26 70 47 43 44 38 94 85 38 27 22 17 74 92 46 66 29 55 38 52 29
14 30 64 27 82 70 92 98 99 74 76 21 75 29 10 37 63 42 73 77 51 14 31 98 76
96 49 36 28 80 11 42 86 57 96 99 65 23 32 87 76 71 10 75 61 47 32 44 10 90
71 88 81 19 97 11 88 96 63 25 18 70 18 62 93 69 32 54 56 84 13 74 49 94 39
52 44 62 48 15 92 67 23 41 75 10 81 44 81 85 17 40 28 31 43 21 61 92 19 47
23 42 32 40 41 61 85 27 88 26 12 67 28 50 27 84 16 29 94 13 59 65 69 67 81
95 22 42 74 64 48 93 19 68 38 52 21 38 91 86 63 23 45 39 94 86 74 53 55 29
73 74 49 23 17 63 27 63 19 82 63 48 18 54 48 27 98 78 40 34 74 61 79 55 88
37 27 58 13 29 54 50 99 17 42 13 89 22 82 72 83 77 10 64 82 62 57 11 88 99
55 10 31 59 81 39 21 50 89 61 95 61 82 82 20 16 51 99 69 36 54 44 68 77 77
67 95 52 60 17 54 20 20 46 73 81 49 91 45 40 58 69 85 86 14 97 29 46 27 70
68 13 67 28 54 75 53 88 77 76 49 16 35 62 97 19 36 98 50 79 13 46 47 31 10
88 24 92 36 39 45 33 63 45 58 62 51 29 37 51 41 83 44 91 21 78 82 88 85 56
24 55 92 41 52 30 18 55 60 20 68 39 11 19 66 77 18 21 29 14 90 93 90 36 12
75 28 51 92 91 56 85 97 65 78 66 26 58 19 45 11 40 76 38 81 20 60 98 82 65
77 30 70 39 95 59 74 74 98 67 43 96 37 94 46 97 56 16 20 47 26 46 78 10 96
80 39 55 80 88 59 46 42 45 64 55 87 20 57 35 22 44 66 94 71 77 26 77 49 98
65 75 16 67 49 75 39 65 22 39 24 43 44 59 88 71 51 15 54 96 69 88 69 62 85
92 82 16 12 40 56 58 93 56 44 71 44 14 89 61 98 42 75 42 30 37 26 63 22 50
16 14 37 76 35 29 92 58 72 15 41 74 41 34 79 77 65 70 34 29 92 21 21 20 31
51 42 95 53 66 52 34 17 50 13 20 10 14 62 65 85 56 93 33 48 70 96 51 48 55
34 75 66 48 28 57 32 64 46 63 49 32 15 14 56 61 22 11 12 46 99 63 14 57 29
21 73 24 31 63 39 35 66 37 91 38 45 47 94 61 78 31 21 69 72 20 96 64 67 56
17 55 88 53 25 96 20 36 80 21 98 63 76 80 22 98 54 11 53 17 96 23 91 10 50
41 90 62 97 25 22 46 59 28 56 40 34 99 61 26 20 74 46 51 96 11 19 38 10 61
96 52 67 13 82 53 28 41 48 84 43 58 89 43 52 15 13 16 52 14 54 65 72 17 43
15 10 50 96 99 52 15 22 36 56 91 32 28 27 85 58 26 79 72 63 37 48 60 27 43
68 97 89 81 98 93 95 13 28 79 36 60 91 96 37 49 70 34 59 27 12 61 61 99 55
96 65 82 41 95 80 31 92 14 92 98 59 51 81 33 75 82 58 76 62 76 54 98 94 55
67 74 34 26 21 63 95 33 27 67 93 96 69 73 47 86 37 21 64 38 87 79 31 68 63
98 62 96 44 14 99 12 49 54 16 63 15 72 18 45 10 54 60 26 81 99 72 85 23 81
26 90 24 15 92 37 15 93 80 63 97 40 20 36 65 43 60 58 98 53 25 36 90 11 71
21 80 69 37 49 86 74 59 38 91 46 24 95 17 96 47 23 99 54 29 52 33 17 89 32
83 92 18 21 16 61 98 69 31 79 58 36 10 89 32 10 88 74 38 66 38 98 80 66 49
78 64 39 68 54 61 89 41 56 37 77 16 55 38 97 41 93 27 32 44 77 27 21 24 67
63 82 91 63 52 58 13 94 12 43 96 81 44 70 20 20 10 99 67 22 41 47 35 81 32
91 89 57 58 17 37 81 65 45 99 63 42 44 89 47 78 67 56 54 15 26 39 99 28 90
54 18 75 18 25 66 26 97 71 50 21 85 87 36 98 64 50 48 33 98 60 59 43 15 96
81 45 90 60 66 60 91 25 93 32 44 34 12 91 61 22 17 78 57 31 60 55 49 32 13
80 64 75 55 43 56 20 30 43 35 74 31 25 97 90 37 40 46 78 71 65 38 61 72 84
51 46 40 89 53 54 51 48 25 29 42 11 39 70 84 72 86 71 79 13 67 58 65 22 79
88 13 21 17 92 22 75 94 25 14 23 92 99 41 93 35 34 18 94 25 11 33 99 26 38
93 50 97 32 94 22 63 11 23 93 35 11 36 23 21 74 97 94 48 38 85 78 34 10 56
42 77 52 11 23 99 45 18 89 57 56 64 25 53 79 21 77 89 98 87 54 72 55 95 76
69 33 26 89 32 40 86 26 58 67 26 97 51 94 88 21 39 13 21 41 50 84 97 96 90
11 33 42 49 93 26 67 80 93 74 61 13 26 30 33 55 92 56 55 93 92 74 32 66 14
62 52 59 59 21 98 35 45 93 26 37 20 86 85 95 28 53 95 99 45 77 36 78 88 66
40 37 87 37 24 13 58 76 98 64 39 59 15 44 87 74 50 51 18 91 21 65 56 63 12
70 68 13 64 15 16 41 81 70 87 36 18 42 13 94 96 15 84 67 10 44 80 70 69 57
28 48 20 34 16 42 84 13 72 24 79 71 80 10 84 74 27 75 58 39 23 83 21 93 18
52 38 83 41 47 27 11 68 20 70 32 43 18 79 89 34 35 61 18 93 19 91 29 36 92
20 97 17 91 78 14 47 57 57 85 78 75 26 46 93 45 20 95 25 25 27 40 40 72 79
38 70 52 49 17 50 32 29 96 40 69 86 31 63 77 32 35 34 71 63 62 40 63 12 90
27 88 47 36 45 66 86 98 10 45 28 57 44 16 33 47 95 67 85 93 52 52 99 47 13
80 82 66 97 68 75 21 92 89 70 45 31 30 35 68 13 22 72 60 98 67 81 23 17 32
59 27 51 64 51 94 63 91 51 89 46 52 24 26 72 52 87 18 15 31 64 22 11 30 47
11 63 87 71 65 44 47 34 20 44 20 99 78 98 88 16 95 10 50 48 27 14 41 41 62
65 71 58 73 31 85 16 57 71 97 28 11 21 41 68 90 19 54 79 63 69 91 69 98 41
99 90 54 53 80 73 41 50 68 80 59 38 81 31 10 89 23 34 59 32 37 91 14 52 21
56 79 44 32 99 28 20 61 40 27 24 38 78 93 20 30 11 45 14 36 57 58 29 69 70
44 37 15 54 49 20 33 88 20 31 68 39 24 35 53 42 38 97 36 35 18 57 57 20 63
10 38 43 12 40 28 74 46 63 35 98 30 33 25 21 96 71 48 26 81 89 48 50 40 35
23 24 16 49 44 94 81 60 34 86 44 23 77 97 20 62 95 40 74 84 38 11 58 35 44
19 28 99 14 36 67 37 32 67 47 56 43 19 38 37 57 39 25 41 93 38 83 44 87 15
96 40 12 83 61 33 31 33 21 64 24 51 14 18 53 88 97 36 83 36 33 78 89 95 20
33 68 83 39 48 51 12 53 19 73 17 15 32 18 32 58 49 18 58 87 53 18 62 95 23
98 58 90 61 88 57 54 99 10 33 71 30 83 90 69 34 56 50 30 32 99 89 88 58 28
21 14 41 79 69 59 82 86 29 41 48 27 24 40 32 65 34 28 49 92 95 30 43 61 17
51 77 22 48 46 97 36 18 81 59 62 13 16 62 89 41 61 23 90 23 18 22 93 17 23
79 37 30 48 36 14 33 49 30 70 21 30 24 36 87 89 58 73 23 46 11 49 88 51 64
85 75 23 57 71 39 39 20 66 78 79 87 36 48 11 16 66 82 39 54 17 37 46 91 26
60 86 60 46 79 36 96 55 51 71 57 62 80 33 97 30 82 42 48 77 48 96 92 80 80
64 66 45 88 54 17 20 79 40 97 33 32 75 97 89 60 36 22 73 28 64 93 71 36 87
72 83 30 81 39 68 10 98 93 59 94 47 80 42 84 56 65 11 66 88 53 43 86 14 11
85 63 26 45 38 59 44 49 75 14 30 70 53 45 36 26 61 55 80 88 14 64 71 72 13
73 37 76 10 45 78 43 82 33 77 87 47 78 30 51 24 75 62 78 25 94 85 20 85 14
28 30 40 14 58 47 86 56 29 42 21 18 21 99 32 35 68 81 79 90 59 22 16 24 58
68 50 38 40 46 57 24 75 70 43 44 76 60 79 79 37 45 21 81 13 60 47 48 40 36
85 46 10 32 27 66 81 91 22 40 66 69 47 46 76 27 30 23 61 99 39 99 91 34 45
78 51 62 38 12 10 63 35 54 26 16 73 55 26 25 86 95 95 36 44 41 28 36 83 43
59 87 17 81 51 56 63 96 70 51 82 25 55 17 46 52 10 89 69 72 95 60 77 78 24
85 76 66 62 36 64 90 75 70 35 80 62 21 65 57 18 40 70 10 56 74 45 72 92 77
59 81 64 41 52 63 91 23 66 93 97 63 57 10 85 22 68 81 88 77 87 65 99 10 86
69 68 89 24 45 37 37 96 25 10 14 19 46 47 52 71 78 51 98 98 58 67 20 64 96
95 71 67 29 21 91 84 16 58 71 67 18 31 79 73 46 72 19 30 13 75 71 10 36 13
12 58 82 92 27 97 59 95 32 33 90 88 82 75 84 50 36 44 80 85 68 55 33 82 16
83 60 68 12 57 94 38 53 18 45 93 59 85 73 40 50 78 51 41 88 68 15 26 73 37
25 47 56 64 42 38 14 88 59 45 43 95 97 77 26 58 60 54 49 15 66 27 11 66 83
97 10 74 20 49 67 76 31 76 43 62 93 82 81 17 28 82 92 62 83 23 33 74 44 30
24 87 37 67 97 71 26 18 66 18 20 83 15 35 92 88 14 26 61 14 64 18 81 59 52
58 75 62 63 26 73 13 98 10 48 83 62 23 33 18 85 63 39 93 77 21 76 51 55 94
57 41 25 69 32 82 33 73 53 96 35 26 98 31 82 69 70 37 58 88 33 18 77 66 76
54 66 36 71 61 66 44 51 54 28 48 11 92 62 99 80 54 63 24 24 23 13 11 19 44
52 70 49 89 28 47 67 60 86 64 41 45 12 65 99 90 82 14 23 44 31 32 42 11 77
21 29 44 92 71 16 24 40 60 15 58 25 25 28 54 29 53 73 55 95 13 49 57 42 97
63 19 38 72 33 87 12 19 44 16 66 54 35 56 46 89 87 39 42 54 14 51 10 43 32
95 17 44 89 61 38 98 96 98 24 31 82 27 12 94 10 87 79 15 86 94 10 82 67 69
89 82 56 45 63 55 81 79 45 80 87 23 33 88 29 22 72 88 27 25 31 41 29 60 93
28 26 50 46 61 61 16 45 93 92 45 39 91 48 18 39 43 78 60 95 91 94 80 20 10
35 35 64 99 13 97 94 38 21 15 49 45 33 47 30 36 59 43 54 89 75 32 63 44 28
59 38 81 60 58 87 77 24 37 79 97 67 88 85 98 75 15 74 66 99 38 16 68 86 95
28 83 30 80 38 12 22 17 81 42 66 67 33 74 82 37 11 23 47 85 27 39 95 10 43
14 45 71 96 73 91 80 78 93 30 87 70 58 40 74 26 46 56 55 29 13 54 90 15 27
91 13 77 33 16 48 85 64 56 13 52 52 55 30 77 24 69 74 75 19 66 32 92 21 53
34 48 95 84 21 84 16 78 77 77 30 11 96 41 33 32 59 27 81 24 58 72 75 96 69
47 69 37 12 53 61 80 40 95 26 47 81 44 82 43 86 21 27 60 26 13 59 39 19 37
40 57 44 28 77 75 15 74 43 59 18 45 47 73 81 54 99 93 46 81 67 57 17 41 52
51 51 58 97 98 43 71 72 13 37 74 47 11 70 28 99 21 62 56 65 47 41 54 11 94
31 59 98 14 13 23 52 43 70 95 72 39 14 66 39 82 82 85 75 90 57 42 95 85 87
64 40 18 53 14 59 29 36 51 12 93 35 67 76 13 52 98 23 91 82 74 81 98 17 19
42 67 73 60 81 21 65 20 33 34 92 92 35 67 23 12 99 44 11 94 40 11 94 38 63
26 58 78 56 56 41 33 46 13 81 63 28 97 88 57 52 95 57 10 43 84 75 72 59 74
23 69 27 20 42 11 10 21 51 97 47 34 64 44 94 77 77 66 18 51 20 79 90 30 32
10 92 85 55 72 98 97 10 71 17 13 63 77 53 94 18 82 57 40 40 91 43 90 28 80
30 49 75 34 94 28 68 86 49 57 68 73 67 20 21 95 76 47 29 26 25 85 21 68 58
95 36 70 85 80 16 12 73 87 25 77 47 17 40 86 83 87 97 22 67 69 25 54 80 91
75 20 22 77 96 72 85 44 63 11 94 63 25 28 27 45 74 42 76 58 47 96 15 75 72
17 30 10 71 82 95 40 92 21 45 65 58 20 71 97 68 10 46 41 85 89 25 36 31 39
93 35 88 82 62 22 25 54 35 57 55 20 57 58 65 46 48 64 88 13 48 79 28 50 91
21 69 64 59 60 65 34 45 31 83 14 67 99 41 63 60 29 22 70 35 56 35 78 16 92
51 72 46 16 90 10 61 32 11 41 21 90 75 73 15 23 43 93 51 44 30 26 39 46 68
26 46 86 70 71 39 91 57 62 63 44 43 54 92 49 74 98 40 75 91 95 44 49 31 45
72 70 76 34 52 96 80 83 16 51 25 35 35 85 23 37 10 70 40 90 92 96 51 29 33
49 18 77 61 28 53 68 18 37 63 77 30 29 67 87 58 86 60 73 46 32 92 17 16 48
18 74 13 58 78 50 83 11 23 44 89 72 49 13 21 71 28 53 57 35 16 31 85 13 92
62 93 55 33 60 31 38 24 34 29 96 84 96 84 55 86 24 95 78 11 66 52 91 84 19
93 53 48 55 21 18 47 77 67 57 26 75 17 50 27 50 31 79 83 68 62 39 87 97 28
47 98 72 63 92 65 89 94 45 13 34 26 76 69 79 29 52 73 94 81 52 40 80 87 25
85 54 41 36 66 63 53 65 47 81 14 77 56 84 87 67 97 77 82 39 65 21 44 94 47
60 13 96 16 30 78 49 20 50 81 56 94 49 82 66 93 80 73 18 69 65 82 28 52 41
65 13 75 50 99 62 75 63 52 83 42 75 27 93 33 87 58 46 31 95 20 45 97 90 20
82 90 65 25 71 74 41 47 19 26 93 14 66 85 27 59 50 21 66 30 16 15 71 78 74
55 57 43 35 65 50 28 52 42 70 66 43 74 88 37 78 53 80 25 39 19 97 71 80 85
47 69 20 69 10 17 10 39 42 29 89 30 52 45 52 16 74 50 61 73 89 44 51 75 11
99 16 12 17 64 67 67 98 98 84 18 76 44 11 77 18 38 20 93 92 23 59 19 86 26
32 81 29 66 33 14 93 99 81 33 99 38 19 14 69 26 11 60 25 20 68 17 88 64 61
62 44 50 63 27 37 93 31 61 89 45 81 17 25 27 20 23 93 95 89 73 81 58 27 11
34 83 51 87 72 24 48 29 34 10 85 12 62 94 88 33 13 70 50 41 25 34 40 37 22
47 13 89 44 82 56 93 64 64 33 38 59 33 93 94 50 55 99 90 25 13 45 33 26 58
81 28 86 83 84 61 79 87 41 20 56 89 93 57 55 36 96 58 85 45 71 13 56 19 29
17 73 34 36 69 58 36 70 87 79 73 37 24 38 83 51 46 83 31 56 30 51 13 63 45
38 73 55 57 43 69 32 37 47 17 20 47 65 95 74 79 31 43 66 18 11 86 31 31 66
78 18 71 38 28 81 99 77 27 39 28 99 87 75 40 94 21 94 76 63 35 95 32 38 12
96 81 14 42 20 93 72 47 28 99 84 76 44 71 12 73 49 37 60 89 57 48 16 65 51
82 32 81 12 83 10 90 82 33 67 34 67 41 43 63 42 63 67 87 84 46 83 76 20 56
73 97 97 47 39 49 70 69 53 91 81 40 81 96 86 65 91 35 79 99 42 53 93 58 69
36 24 85 66 66 39 11 46 50 33 42 93 63 82 15 57 71 18 43 71 OT 78 25 25 92
12 33 35 58 40 88 81 28 57 79 94 94 57 39 90 14 77 33 80 15 51 53 60 50 88
12 87 71 22 52 49 39 96 20 10 50 29 24 91 86 42 23 48 98 21 16 47 96 26 53
44 85 83 61 17 23 87 83 36 94 99 12 33 76 31 80 66 70 16 71 71 38 27 51 33
64 91 87 17 68 86 80 58 61 39 94 33 36 37 98 48 63 54 53 99 89 23 73 64 41
28 27 96 98 47 53 75 30 31 68 22 24 62 19 61 39 50 13 57 18 98 57 35 42 74
89 60 21 40 77 34 96 37 12 85 39 21 16 81 67 89 58 13 96 46 39 63 46 99 29
26 94 66 93 79 18 12 59 13 68 86 55 25 48 80 20 56 99 68 25 78 50 17 25 58
15 64 22 68 59 60 15 13 21 31 40 48 72 59 93 49 78 67 12 71 19 22 51 67 15
38 69 89 94 53 60 15 49 81 47 75 78 73 83 78 92 13 43 47 98 86 25 44 84 70
67 14 19 15 89 87 51 86 47 45 25 54 68 38 99 75 37 76 86 63 78 74 23 32 58
14 47 25 16 21 43 54 73 67 22 95 60 21 44 10 77 97 17 21 58 69 46 95 20 53
45 12 97 87 41 39 15 20 26 24 89 24 43 34 94 33 23 50 71 26 56 53 38 14 26
31 51 33 18 79 52 91 74 81 48 76 14 34 10 56 17 73 63 16 35 42 76 13 59 45
70 88 61 54 20 75 32 43 30 92 33 15 89 97 25 99 49 71 71 24 44 24 41 67 92
79 89 12 12 29 46 62 75 88 34 35 87 62 97 75 47 63 38 61 56 50 64 60 57 91
61 79 47 62 82 22 93 82 55 58 34 69 47 23 46 47 21 72 64 14 61 27 45 52 40
36 42 33 68 11 18 74 63 19 71 64 35 73 82 38 76 22 53 21 13 24 10 11 40 38
65 17 31 84 39 87 46 13 56 75 77 98 80 42 56 54 53 17 14 90 85 83 85 28 51
24 12 70 84 33 41 59 84 69 61 21 55 50 20 47 12 74 98 24 22 17 37 79 13 13
63 98 76 34 33 57 51 75 80 44 15 93 30 48 74 13 39 77 47 32 74 94 87 65 43
30 33 48 59 14 85 65 15 45 37 19 46 44 13 10 56 47 78 55 95 87 81 48 19 46
93 37 73 86 38 19 87 10 87 50 64 98 17 44 14 13 18 52 94 26 35 69 33 83 58
96 67 19 23 92 53 35 30 43 63 97 62 31 45 25 39 78 50 25 57 51 97 19 96 63
72 86 53 85 30 75 25 23 47 89 47 68 48 20 42 63 82 34 92 21 48 25 68 33 96
47 82 31 23 52 14 16 81 21 28 66 34 64 30 30 51 20 30 34 64 74 67 64 40 84
29 79 14 17 84 28 67 19 69 33 80 13 71 76 50 16 15 73 52 14 93 96 92 17 23
91 35 21 45 74 58 88 14 49 60 69 27 63 66 61 11 36 90 56 48 90 50 15 45 86
41 25 44 52 16 72 68 37 75 76 66 63 66 26 11 89 96 66 26 61 81 19 66 68 53
39 23 99 74 79 62 49 11 38 42 35 72 93 10 86 21 52 60 52 78 27 88 83 98 67
56 19 69 78 77 62 42 77 33 57 16 71 95 79 80 85 83 16 74 14 95 97 97 22 69
76 80 54 71 13 28 44 95 78 15 35 11 46 28 18 90 45 80 17 29 74 74 82 36 36
68 78 45 41 88 77 10 45 84 94 44 37 22 26 85 49 67 11 98 38 56 89 43 85 33
23 54 46 47 84 34 16 20 34 90 76 13 75 29 45 69 10 78 36 57 85 21 82 20 76
70 32 53 26 54 55 59 88 64 22 31 87 44 88 47 66 18 78 54 42 55 66 72 97 42
49 85 60 58 97 72 54 56 12 35 44 92 76 13 27 62 52 61 28 43 21 16 63 44 42
61 54 85 86 74 18 94 50 22 28 53 39 56 13 69 85 19 73 96 39 36 43 88 75 15
51 31 48 31 66 71 23 41 49 94 66 63 17 31 70 48 77 76 93 33 14 49 24 35 18
68 61 25 81 59 39 45 17 97 38 43 16 55 90 43 62 88 30 10 25 95 93 34 23 26
44 89 78 34 55 18 88 25 54 66 46 29 59 74 52 60 34 29 44 99 93 27 67 49 72
69 41 62 94 81 67 11 29 99 77 93 47 44 48 69 85 41 75 44 41 46 58 29 13 48
97 64 85 49 42 14 49 77 53 42 66 62 52 41 96 99 12 41 45 55 23 64 84 97 13
96 53 58 34 50 54 38 41 72 87 74 92 56 61 58 70 85 58 42 37 50 20 22 35 51
69 66 46 17 48 54 84 65 31 97 74 50 22 18 96 98 96 33 25 69 88 39 74 59 78
73 62 96 85 98 30 98 92 90 93 86 65 56 89 59 92 22 54 41 34 95 53 60 53 62
18 25 69 28 64 33 38 90 46 11 86 76 52 13 96 82 31 74 62 87 29 55 25 58 52
82 28 35 48 86 22 41 28 24 39 66 98 40 27 50 34 56 23 50 27 65 90 43 51 37
73 88 44 97 56 79 79 10 51 15 90 73 29 70 91 49 43 17 52 37 74 85 95 69 82
14 20 98 79 51 40 38 70 80 91 53 37 19 19 10 76 73 97 59 83 67 93 35 12 82
58 46 39 10 24 44 15 96 60 49 17 86 23 81 79 61 56 43 66 86 89 89 99 93 60
19 19 50 73 25 66 67 64 40 20 41 66 21 77 26 40 27 26 32 94 61 41 45 42 92
54 90 77 90 56 87 52 81 35 65 17 53 89 42 51 72 14 80 17 51 81 53 77 65 25
14 45 58 10 46 96 98 64 46 25 55 79 39 70 44 38 42 35 29 87 83 73 96 40 39
39 43 85 39 59 77 22 24 86 66 49 73 10 68 54 53 94 32 48 59 19 24 23 36 92
82 43 10 77 54 87 93 91 15 41 11 71 34 36 76 60 18 59 48 78 87 68 22 33 24
55 33 79 22 54 30 87 73 39 31 15 94 64 55 55 78 84 48 15 62 59 13 29 63 49
73 33 46 25 56 91 53 40 62 59 37 22 70 66 36 89 25 87 91 88 22 65 23 41 40
31 20 28 14 68 74 46 99 95 97 68 58 13 74 40 22 10 85 10 84 64 68 10 15 66
58 46 63 68 82 18 23 31 90 26 48 56 96 16 98 13 36 79 71 61 47 30 50 40 95
22 68 69 38 74 34 63 53 54 69 83 84 53 55 14 36 11 80 48 12 51 12 56 43 28
31 91 89 79 60 95 36 33 81 16 20 79 92 58 61 97 76 81 41 45 97 91 42 50 85
65 35 54 53 92 71 94 84 47 17 57 56 61 53 14 27 76 47 40 80 96 76 14 85 93
53 56 64 48 72 97 54 40 16 61 62 14 63 76 13 80 26 82 84 35 76 80 42 15 17
38 63 47 84 22 21 15 63 18 61 85 42 39 79 12 86 78 40 26 32 90 71 19 81 88
42 93 33 25 11 87 33 63 12 59 83 93 32 85 13 62 28 87 30 37 30 34 94 10 61
62 53 73 84 82 81 29 76 56 72 42 96 34 54 97 28 31 72 94 37 83 41 26 73 46
31 68 58 11 19 90 86 65 30 12 62 56 68 78 83 94 29 37 86 84 53 27 86 40 14
24 85 84 16 17 47 60 23 94 44 60 73 45 18 88 35 43 93 17 99 10 93 30 11 39
26 16 22 87 75 77 32 90 49 27 72 11 79 49 71 64 98 54 25 76 39 49 11 90 94
12 12 84 90 15 97 19 18 75 35 21 67 73 64 56 21 37 73 51 15 40 74 22 14 82
79 85 96 13 93 69 61 77 42 58 10 55 98 43 22 13 77 94 12 66 22 88 47 48 92
75 15 60 69 60 33 56 35 42 54 37 34 21 21 58 68 80 15 13 94 33 28 68 28 69
29 95 53 84 16 13 77 37 69 11 28 32 98 10 20 59 71 43 33 88 65 18 18 62 24
34 92 54 21 90 53 57 82 68 72 77 39 43 82 46 27 23 32 75 80 27 24 98 92 85
75 29 24 53 56 26 31 98 49 26 49 54 89 51 85 83 54 33 43 88 70 93 82 20 64
79 32 77 33 76 99 26 29 47 47 90 95 59 59 48 37 67 11 13 31 55 62 89 18 80
26 45 47 89 13 30 44 37 54 29 74 24 39 70 74 17 14 77 20 17 34 88 57 76 74
14 64 85 16 32 72 24 33 53 37 11 67 93 25 74 68 61 47 46 77 28 37 55 81 98
33 43 35 77 36 11 28 47 96 30 98 81 97 62 46 14 89 72 19 14 27 30 70 33 99
62 68 43 24 51 58 15 20 87 23 93 35 13 50 60 75 28 30 98 84 12 79 23 39 79
75 55 44 28 77 38 90 12 78 74 78 54 20 97 11 34 64 56 22 81 19 23 39 70 40
41 80 24 48 52 88 94 88 57 68 95 93 13 66 81 77 29 26 86 62 80 20 17 41 15
61 26 75 77 17 47 64 13 53 93 88 38 11 19 33 28 11 15 18 71 47 95 92 10 54
45 44 27 37 51 43 70 49 71 44 16 43 10 62 56 38 81 16 25 89 37 28 77 87 84
78 37 26 72 57 93 83 57 81 54 39 15 79 88 58 41 96 45 37 80 23 42 64 77 16
97 37 68 96 95 74 44 68 89 70 61 53 47 20 56 10 67 88 53 50 89 15 89 78 15
28 70 82 38 24 89 13 49 47 17 40 53 97 69 92 80 31 95 68 53 41 23 72 85 93
65 13 25 24 72 44 90 91 37 48 19 97 94 30 29 35 28 90 19 23 91 47 16 29 98
98 36 46 18 82 27 77 70 68 24 20 19 84 80 70 67 61 34 20 17 91 44 29 89 90
40 15 47 67 26 95 61 91 31 99 93 21 58 13 55 90 82 86 38 46 62 90 27 82 92
61 50 24 76 18 92 43 91 16 94 14 72 70 91 29 88 14 47 72 77 84 35 89 35 53
55 24 65 80 28 27 85 77 74 39 10 39 29 29 97 81 65 18 56 84 10 17 48 85 36
95 40 41 90 64 25 59 71 32 21 64 75 38 51 92 59 78 93 70 48 28 80 28 31 21
99 25 71 93 30 64 57 99 17 36 37 44 10 30 29 25 74 91 21 31 80 63 80 72 95
21 21 93 79 90 20 28 64 51 67 53 35 27 10 62 62 41 32 60 91 40 52 18 21 52
90 64 35 25 18 50 59 57 15 16 44 40 71 69 43 93 30 67 70 99 78 40 17 73 18
35 56 12 32 45 91 30 76 36 61 48 56 68 79 52 48 57 30 88 23 10 73 20 71 24
_T 88 42 70 24 40 45 85 91 83 62 63 80 88 73 19 71 61 82 82 73 93 34 77 35
62 35 59 48 36 31 23 43 81 65 73 69 36 18 68 64 55 31 14 10 16 85 70 42 64
15 57 81 32 63 56 61 97 49 15 72 77 15 54 29 93 50 97 23 72 16 33 68 47 31
97 28 70 75 45 93 75 60 35 40 87 56 40 50 94 40 13 66 19 89 53 90 20 60 79
35 20 48 53 25 58 59 64 82 43 25 62 33 58 89 60 88 88 37 64 77 58 74 63 39
98 97 60 20 57 87 97 80 39 57 74 76 28 73 97 65 34 35 22 30 20 43 13 36 50
95 34 66 30 94 83 30 50 15 87 72 35 39 85 17 31 69 68 39 36 78 82 42 11 12
34 69 71 85 32 95 18 18 47 13 24 16 98 25 51 55 43 36 47 85 21 83 73 77 23
37 84 40 39 58 89 69 41 22 21 66 52 14 90 43 85 35 55 51 91 38 90 68 63 96
70 81 67 91 35 98 24 10 55 85 41 95 63 70 12 11 84 88 92 57 54 38 79 50 52
20 52 47 48 65 56 23 65 30 57 35 76 85 95 65 16 61 20 81 68 36 34 22 69 34
88 29 98 68 17 93 57 52 60 77 86 39 85 87 53 67 14 16 51 53 69 26 86 92 29
70 58 44 15 21 15 21 78 53 94 78 15 28 50 16 59 69 72 98 66 82 95 18 58 57
52 62 54 95 99 60 25 80 45 40 28 26 70 51 70 11 45 38 21 44 84 49 81 77 27
62 52 18 60 96 73 99 18 75 79 52 87 34 43 29 80 47 56 82 86 17 40 16 63 38
34 63 17 56 92 30 13 67 96 73 95 44 98 48 78 85 65 26 54 46 25 29 62 18 20
99 92 10 68 58 23 49 37 90 22 38 95 93 16 45 43 35 58 22 11 40 29 52 73 99
70 40 32 66 61 80 95 30 32 89 41 19 15 99 15 24 57 39 98 97 58 59 10 32 62
77 43 32 48 11 61 51 47 63 32 95 30 57 41 62 22 71 97 45 21 68 77 28 57 47
34 61 14 45 16 28 18 49 86 57 97 44 84 74 33 21 10 40 72 97 63 98 13 94 26
23 70 32 94 99 40 48 27 57 42 44 45 80 98 55 66 87 98 71 12 78 32 30 64 53
70 30 12 47 55 42 49 51 67 89 28 78 13 19 14 97 85 79 83 60 54 73 40 27 58
59 94 48 26 75 37 39 38 78 92 37 49 31 60 45 61 69 98 26 17 11 31 19 95 21
32 96 72 44 87 91 93 35 56 88 78 94 86 36 41 13 83 38 96 51 39 21 53 64 69
51 71 63 54 82 92 27 78 68 97 10 74 92 48 48 75 44 91 17 60 11 86 61 11 26
13 20 66 43 74 17 39 46 19 49 81 32 60 97 84 24 21 75 36 45 92 50 38 73 69
89 88 53 16 32 82 20 25 49 80 48 34 61 60 79 66 31 67 18 71 27 79 35 87 25
89 56 73 14 30 71 24 31 91 37 25 10 53 62 86 33 49 85 78 21 58 53 84 23 76
70 10 40 23 57 99 33 55 18 47 52 14 28 87 63 62 74 64 87 37 67 55 96 57 58
99 31 97 46 94 27 49 55 91 59 16 93 41 36 52 62 84 58 35 85 55 25 29 54 92
42 44 50 76 27 39 81 52 99 26 47 90 77 24 25 77 57 11 68 51 55 28 58 95 47
16 38 28 39 30 94 45 33 39 61 74 60 13 93 87 83 72 58 72 38 35 22 14 22 12
79 63 23 89 63 93 23 51 29 64 89 97 23 59 53 81 69 30 12 77 97 60 12 30 57
29 25 43 37 34 86 22 15 49 20 29 12 30 92 55 78 54 46 40 45 35 42 88 58 95
35 35 49 83 90 13 20 14 25 80 15 96 21 48 88 66 90 62 57 23 24 91 86 49 46
77 78 57 60 63 35 37 28 98 88 88 43 79 83 81 51 94 99 76 60 70 23 57 64 12
71 40 22 91 42 44 32 66 26 33 84 17 63 85 35 68 45 26 54 61 37 76 69 44 33
29 32 53 41 10 38 52 87 17 42 96 72 58 58 21 70 61 82 93 60 36 86 87 57 51
68 83 47 35 61 98 83 90 69 35 58 89 81 52 32 88 73 98 40 87 28 16 87 41 66
85 39 99 44 56 55 74 19 43 18 76 30 14 94 15 38 37 31 77 56 47 65 93 99 89
82 19 21 53 98 59 74 87 28 17 69 50 54 67 95 35 15 65 58 52 67 54 65 48 82
91 97 44 27 39 49 64 69 63 76 94 58 85 87 52 25 95 75 75 33 13 56 60 18 23
99 49 94 94 82 58 97 32 83 45 75 13 32 78 59 28 52 87 54 53 80 61 23 55 99
86 40 54 25 61 92 31 73 37 81 55 93 28 98 33 53 60 14 26 67 98 74 90 68 54
95 20 26 34 64 98 99 65 50 38 67 36 67 92 75 10 65 47 49 88 27 33 36 19 88
30 97 66 70 94 15 19 68 65 17 99 30 16 30 82 80 74 29 43 31 87 95 83 40 94
79 70 10 35 72 40 43 14 86 14 85 42 88 28 76 90 80 25 85 29 72 89 86 71 79
69 21 67 10 27 43 51 95 21 56 63 31 81 41 97 39 12 27 70 48 72 54 11 67 47
38 66 33 24 76 94 80 22 93 82 30 25 28 81 74 85 85 72 73 36 18 23 30 96 52
62 42 21 53 47 94 24 19 51 27 21 44 56 68 10 39 69 71 87 45 25 21 42 53 68
49 37 29 47 80 57 93 91 26 93 76 36 39 78 41 66 18 29 66 66 21 32 56 40 64
55 62 73 86 42 96 34 97 51 24 61 48 49 52 93 85 81 14 72 47 29 70 22 57 67
49 77 90 24 57 87 92 20 83 11 29 92 82 89 18 58 56 32 90 63 59 66 72 96 59
58 11 89 91 31 78 97 52 95 90 88 57 72 89 20 54 16 80 68 10 48 81 31 36 74
93 65 84 57 77 12 23 85 46 45 26 83 73 41 44 52 30 25 66 70 25 82 10 69 74
63 11 93 84 59 36 55 77 55 63 88 57 32 59 21 88 38 36 75 30 45 87 65 22 41
27 45 76 64 35 23 20 84 44 78 54 65 33 88 41 66 70 31 65 19 65 49 70 17 70
30 62 59 43 28 93 56 81 55 94 95 38 94 38 55 63 90 60 88 38 40 42 55 30 27
74 22 48 76 22 82 66 23 85 28 28 91 85 52 41 36 97 79 65 54 23 32 44 56 33
87 13 49 79 64 49 21 33 12 68 45 64 36 38 97 95 62 51 65 45 45 46 24 87 11
32 70 64 87 45 91 97 39 80 51 14 21 95 53 34 10 41 17 26 43 95 23 82 21 87
72 68 62 76 88 42 63 10 81 61 65 63 84 11 40 30 70 40 22 27 87 82 90 31 76
56 41 40 56 70 14 65 38 66 45 75 11 83 94 80 59 72 81 99 46 18 19 74 28 35
53 32 37 52 66 78 43 52 55 39 66 64 17 38 10 57 25 88 49 70 78 60 56 41 31
82 18 78 33 96 77 29 46 67 87 66 98 72 91 46 99 39 97 78 12 82 62 85 31 78
74 43 38 52 76 57 84 66 43 20 18 28 90 51 75 12 84 84 22 41 63 25 59 71 17
10 99 69 72 59 78 42 36 44 86 40 69 72 76 45 50 32 29 30 56 52 19 64 23 59
89 25 10 39 38 28 77 75 21 21 41 50 53 44 21 65 72 53 87 15 23 46 27 20 81
80 52 73 52 30 90 54 98 99 72 78 40 12 94 47 44 48 84 71 18 82 81 13 94 27
77 22 67 92 93 35 46 17 42 43 89 18 73 66 35 92 31 26 79 36 70 33 45 81 89
24 17 56 83 99 12 96 48 66 75 71 24 39 57 34 66 16 12 69 67 14 55 13 61 80
68 94 64 68 17 46 95 55 19 70 87 27 82 88 20 67 71 97 94 54 52 32 46 15 93
17 11 94 36 93 84 68 85 91 25 92 67 60 75 51 89 26 51 89 90 29 49 25 26 41
17 88 49 59 15 62 39 59 65 56 76 64 20 26 36 58 94 28 20 25 73 35 48 60 20
41 59 72 85 90 50 57 22 14 55 67 25 93 56 87 36 42 94 51 28 95 49 14 16 44
53 63 27 69 33 88 12 59 34 41 40 18 23 84 40 78 73 64 66 79 43 16 28 91 92
67 47 50 70 41 80 52 92 13 91 57 33 84 73 21 70 94 71 15 46 27 39 27 70 13
97 42 92 91 19 77 11 26 94 67 89 12 23 87 88 13 47 59 45 96 20 92 46 97 17
36 66 21 92 94 49 71 75 80 91 47 15 94 51 28 77 86 84 80 88 99 25 45 79 16
58 24 85 18 98 59 36 15 38 46 15 77 45 37 62 86 11 10 78 14 71 27 50 80 84
91 60 72 77 53 12 21 60 49 97 64 74 66 71 17 33 24 82 51 12 30 48 30 70 12
86 16 43 94 54 68 68 21 11 76 38 18 40 74 87 28 29 58 63 97 49 92 52 12 11
75 51 41 37 55 95 20 81 82 43 25 72 90 45 25 19 85 62 15 79 59 69 91 38 61
92 12 38 44 31 14 82 11 99 98 14 50 74 79 17 55 76 75 52 47 68 59 19 49 81
76 22 58 78 77 82 33 36 93 47 83 37 HE 16 88 47 73 13 14 60 34 98 95 16 40
15 98 75 85 50 74 70 66 53 56 44 28 76 76 25 14 25 73 16 69 90 43 58 51 99
97 53 10 23 65 18 39 30 82 13 67 28 29 64 77 12 68 78 25 23 38 31 76 71 11
51 65 10 76 29 29 12 34 57 44 30 54 14 36 38 25 63 89 91 52 26 63 58 53 39
30 75 54 53 40 97 78 78 92 17 59 52 24 67 74 96 67 36 65 10 18 57 50 12 49
87 24 52 97 72 90 80 16 46 37 21 29 68 32 66 62 84 34 17 46 27 47 37 22 11
96 94 66 21 71 28 53 40 72 23 16 69 27 35 44 17 54 93 21 36 23 48 11 16 39
68 89 53 76 87 46 86 66 49 97 55 38 33 37 49 86 89 95 93 46 45 95 61 41 77
46 20 66 44 40 10 24 46 18 16 36 59 55 81 51 74 86 97 64 82 18 21 25 34 20
20 25 65 80 80 10 32 13 39 33 22 45 39 58 64 65 48 16 94 90 80 42 20 87 89
93 80 80 61 18 66 55 33 53 45 95 78 41 90 27 93 21 85 77 78 62 37 39 22 17
23 41 91 49 23 57 72 92 52 41 39 61 88 20 64 50 77 59 24 62 21 15 41 96 21
78 67 34 71 30 21 74 42 72 37 41 54 44 20 79 78 56 32 54 35 19 59 39 85 53
98 84 96 35 39 17 44 81 12 32 72 91 69 42 57 19 46 44 54 41 50 94 88 50 52
42 51 87 22 32 99 90 21 60 53 41 68 41 31 64 13 14 18 38 14 17 58 90 56 80
74 61 32 74 72 27 69 73 13 93 80 72 85 32 12 47 11 22 25 55 40 89 71 32 85
54 39 63 62 23 29 47 22 21 59 39 69 85 93 12 88 87 41 57 33 20 45 60 27 99
71 41 51 85 65 58 66 74 30 76 22 98 74 16 59 79 51 16 82 20 50 20 32 93 31
23 33 23 93 28 28 84 49 40 63 21 98 27 59 70 22 84 88 81 79 93 55 45 58 29
30 85 35 96 89 87 63 87 77 28 76 88 87 57 75 97 18 34 48 61 75 31 97 70 71
40 79 74 43 66 90 12 25 47 24 32 21 28 53 36 18 66 81 87 14 47 12 49 37 17
47 20 34 55 98 80 79 35 31 64 21 33 17 13 68 34 26 66 66 27 64 67 58 22 33
67 15 74 64 84 30 38 15 33 30 75 19 97 42 53 51 84 40 94 81 31 95 47 98 31
49 93 20 29 99 20 31 56 83 21 78 95 71 73 13 28 15 17 37 97 28 87 32 48 89
95 34 33 75 18 73 60 38 27 22 22 77 97 96 77 42 74 96 46 93 14 41 74 94 50
12 35 50 32 84 62 80 38 95 96 17 90 34 47 95 84 72 68 16 32 17 53 64 44 20
91 11 25 59 44 36 60 85 56 69 18 93 15 30 66 31 79 97 44 36 38 84 48 54 70
42 72 35 33 62 49 99 59 10 96 20 39 15 36 62 52 46 21 84 19 65 95 86 55 57
72 44 45 23 24 50 59 10 48 46 26 50 79 81 40 66 30 79 23 87 11 33 75 86 23
47 11 22 38 18 68 65 87 21 44 88 64 31 79 21 38 66 36 40 99 52 21 11 32 19
66 21 34 52 68 24 21 79 12 65 50 42 17 56 16 17 64 79 51 51 17 73 75 99 57
29 49 57 26 18 83 96 20 49 47 12 77 63 70 17 14 13 76 59 68 58 55 64 63 32
94 51 49 34 16 13 59 51 59 63 47 65 79 67 31 15 41 63 61 32 63 57 28 46 42
17 47 95 40 19 39 14 16 65 81 51 62 65 11 15 55 77 72 90 20 24 25 65 11 17
86 21 20 95 28 15 34 11 78 59 79 13 49 62 21 63 95 94 52 63 13 47 56 86 33
70 62 96 83 87 19 22 74 13 97 11 65 13 77 25 53 81 29 82 16 47 99 39 95 67
35 70 37 66 22 53 28 94 53 94 86 89 12 26 61 86 39 10 45 22 32 46 38 46 74
60 87 88 31 56 78 14 44 98 55 89 84 16 39 48 82 91 48 46 76 94 22 35 42 13
41 17 42 93 43 50 63 28 19 92 73 70 91 62 15 43 30 49 83 68 55 37 80 12 39
81 50 29 95 92 55 21 47 82 41 11 40 60 66 62 83 18 17 75 40 96 83 64 17 88
11 10 43 55 62 84 88 63 54 45 23 43 65 52 38 60 13 70 79 13 57 67 33 55 16
82 _M 16 10 64 57 73 42 76 13 98 20 50 14 41 26 70 79 71 32 54 19 42 49 58
37 50 75 65 23 13 21 11 89 90 38 51 54 47 63 49 60 63 70 53 54 96 69 12 95
44 90 91 18 43 51 91 57 84 22 32 49 79 98 78 83 30 21 63 88 36 90 62 94 96
95 91 29 70 16 82 80 27 14 10 93 96 67 10 30 24 86 41 33 30 81 90 75 68 45
49 58 40 28 24 67 61 31 40 22 29 38 19 28 11 77 65 54 52 76 16 79 29 34 16
90 92 43 29 31 45 20 42 36 47 32 25 47 50 93 33 62 11 64 77 49 53 18 82 12
37 34 71 32 52 42 68 55 50 39 73 50 49 11 61 79 32 92 69 24 50 18 36 22 87
56 79 80 35 63 81 88 74 57 94 24 52 15 35 74 50 32 96 60 26 74 76 97 17 61
44 25 28 94 55 45 38 89 93 75 36 85 27 77 77 69 76 49 51 76 55 42 67 26 17
66 94 15 89 18 11 72 70 56 29 50 95 63 68 54 60 73 61 25 14 97 27 47 44 27
84 56 46 97 79 37 ES 60 48 82 96 51 70 58 66 53 29 14 99 80 36 18 24 65 30
70 90 42 14 86 62 95 13 60 16 72 76 32 51 84 61 58 48 55 80 83 52 49 53 36
55 51 47 99 47 31 40 77 87 67 49 44 55 66 92 46 31 98 74 78 29 42 79 41 18
36 67 21 63 61 78 22 50 17 95 17 34 65 70 54 25 45 26 97 15 34 86 82 21 39
75 16 85 63 10 87 54 63 69 78 28 52 67 80 69 89 32 14 45 42 89 81 64 53 80
93 96 94 94 34 87 18 18 74 43 76 80 21 83 63 51 73 86 29 51 20 71 82 34 60
73 89 46 42 13 91 59 30 29 14 11 76 27 28 87 12 17 68 58 34 93 98 70 25 43
67 47 34 80 13 37 71 80 31 45 56 44 64 85 99 33 17 15 52 79 57 73 62 56 37
94 94 99 73 26 68 16 73 77 75 47 99 99 49 37 27 39 58 18 26 54 38 65 66 57
98 14 36 66 29 68 86 39 41 13 65 71 92 76 18 43 44 66 25 58 99 41 76 62 85
87 80 71 59 44 18 10 82 99 16 67 96 86 93 24 29 43 40 33 20 73 72 33 72 24
21 45 21 92 70 35 25 30 71 24 99 63 88 73 89 79 24 87 92 32 37 43 53 27 52
47 24 83 85 65 23 64 24 68 64 43 82 20 41 79 94 16 29 96 93 21 84 95 91 90
93 25 94 60 50 91 30 89 82 27 49 19 67 18 95 65 85 89 35 93 91 43 42 44 19
36 19 39 15 24 62 15 82 96 13 88 71 90 87 21 85 39 13 32 18 45 54 27 32 50
77 92 15 85 86 47 28 13 97 67 16 45 21 90 69 23 72 33 76 38 97 77 31 92 67
15 16 93 13 90 74 47 95 53 13 34 81 42 77 76 24 24 48 89 87 51 82 23 96 95
26 20 35 67 95 91 60 33 35 93 39 41 43 78 67 46 78 88 44 45 93 51 92 88 89
86 83 21 89 23 90 53 33 20 70 20 80 27 34 69 15 96 86 40 83 49 36 98 20 23
91 53 47 38 94 94 40 75 29 60 52 73 23 23 63 53 82 87 17 77 94 84 86 59 45
69 73 14 13 74 74 16 23 44 37 47 96 43 28 22 45 44 31 20 56 48 44 52 78 40
49 26 45 82 92 41 41 36 65 43 55 40 21 24 97 44 10 44 67 70 15 96 60 75 42
55 40 44 14 90 43 22 57 32 16 60 58 68 18 28 16 96 20 42 84 86 53 77 50 69
20 63 52 32 74 36 95 78 76 65 65 63 48 44 33 16 13 62 37 49 68 11 53 93 27
17 24 97 32 63 26 15 78 80 44 37 71 34 60 35 49 82 79 42 63 19 12 60 35 86
11 51 36 76 51 36 51 99 30 92 84 65 12 53 47 22 70 69 53 85 36 76 62 12 84
27 31 56 46 33 88 19 78 75 44 69 93 76 25 90 99 88 71 87 67 73 79 27 92 36
13 91 60 62 12 15 88 16 99 90 57 73 70 14 14 19 33 29 11 24 71 23 75 56 70
75 76 98 45 71 51 65 12 20 29 87 19 53 22 70 79 99 13 81 53 58 80 73 20 13
12 14 53 56 32 83 33 82 45 86 47 77 58 56 81 88 31 60 40 45 92 97 42 68 94
84 91 65 42 52 18 37 91 54 38 34 81 40 45 95 71 95 74 33 63 59 39 92 28 14
62 13 43 54 19 80 27 69 50 97 71 19 63 56 11 37 52 98 98 92 74 15 27 38 27
15 15 16 38 38 11 91 96 58 79 47 10 93 91 82 74 77 91 20 11 84 97 19 69 36
51 34 10 61 24 61 65 86 25 90 25 46 48 39 66 45 75 51 97 60 94 13 84 51 75
56 50 86 80 33 75 61 60 54 38 94 15 14 36 23 67 40 27 52 16 58 95 89 56 25
26 20 51 22 13 22 32 42 81 96 20 92 41 35 53 65 88 48 10 15 96 35 58 18 77
78 60 35 74 37 25 84 18 29 55 41 66 47 30 25 65 49 44 98 70 99 90 73 74 99
44 91 47 59 65 51 16 82 66 96 25 47 38 75 64 37 14 27 48 52 19 63 54 74 90
75 80 88 58 87 74 90 17 65 45 11 94 25 68 13 50 99 11 69 40 77 42 15 45 67
67 86 28 SA 80 69 69 81 41 93 64 88 16 27 31 22 31 33 49 13 84 78 35 51 75
52 52 39 91 87 81 27 99 88 70 10 85 56 60 68 47 52 63 49 91 18 78 89 59 44
86 83 54 13 93 84 64 87 21 87 33 92 46 81 90 50 65 87 92 70 45 94 12 22 31
38 55 56 39 32 95 86 51 71 13 95 34 87 60 85 12 48 90 36 95 97 53 39 36 20
60 95 78 84 12 96 84 25 30 84 15 30 63 73 59 85 28 36 42 58 62 85 40 41 70
13 28 74 64 98 90 10 42 28 28 68 74 15 63 68 76 67 69 73 19 65 89 80 33 40
99 51 79 49 65 87 52 31 62 81 15 38 58 76 47 88 56 83 18 71 38 93 29 48 62
79 22 24 33 41 64 68 52 34 99 77 90 46 46 62 13 39 15 90 83 91 25 80 85 30
24 45 72 67 76 42 90 99 91 32 76 84 17 78 78 27 33 17 78 15 27 10 93 65 88
24 82 88 91 88 30 52 86 16 29 81 97 89 34 70 66 59 99 70 40 88 10 67 49 32
63 87 30 39 59 71 76 68 24 12 13 96 89 77 64 86 89 27 92 30 13 73 74 78 76
31 95 50 33 37 61 63 52 10 16 42 62 95 41 94 54 75 82 79 44 93 60 12 10 66
70 66 17 95 99 90 31 34 76 33 19 17 30 55 45 23 86 53 78 28 54 26 90 99 55
14 80 87 72 56 52 19 18 51 66 62 13 59 64 92 30 62 65 78 64 80 44 41 15 30
63 27 89 57 54 67 19 19 32 37 72 13 61 52 51 87 78 49 78 50 17 51 79 85 51
91 11 25 12 55 96 36 43 29 35 84 98 72 62 89 68 25 18 19 68 42 81 37 23 57
18 55 17 24 89 15 92 23 17 23 92 77 90 42 94 46 13 46 95 63 13 24 83 77 54
58 78 94 83 21 86 64 21 20 65 42 35 31 46 47 12 49 78 70 96 78 34 83 35 80
48 35 27 83 59 79 86 88 49 40 21 14 24 22 39 90 38 10 47 54 51 25 66 90 45
88 12 77 24 62 31 53 98 33 18 67 85 83 78 90 69 65 35 47 28 68 37 16 79 53
20 73 74 81 96 53 43 44 28 48 56 16 15 64 23 48 77 95 94 14 55 81 98 45 19
78 82 63 82 27 79 69 53 16 16 74 37 57 46 78 94 73 50 95 64 36 95 39 69 39
71 46 80 37 49 17 70 92 17 60 47 55 43 43 65 44 87 40 50 87 41 22 31 19 93
47 43 22 12 13 21 87 41 35 76 30 52 70 30 53 24 53 10 11 12 28 91 33 31 95
32 98 42 62 69 67 10 75 76 14 88 27 59 71 82 90 88 58 50 98 71 32 34 62 54
91 67 56 55 42 54 77 37 76 56 48 13 39 21 99 11 18 34 49 32 12 73 17 32 94
28 31 27 61 22 74 16 74 51 89 41 29 80 83 86 84 60 17 57 92 75 40 57 56 24
44 49 55 73 64 70 73 54 13 39 24 98 68 55 43 24 39 88 GE 97 23 12 23 78 58
40 10 12 42 25 46 79 71 95 64 29 77 31 85 27 64 74 75 61 60 68 19 20 25 76
67 35 81 56 41 47 70 25 99 79 14 56 12 14 74 58 30 21 14 73 95 43 70 17 86
81 13 43 32 23 20 82 91 35 28 37 12 86 60 27 20 61 94 68 99 20 29 91 23 10
74 39 43 58 36 89 11 79 36 58 71 55 27 80 73 62 91 74 56 31 16 30 84 79 50
24 72 59 71 45 42 27 62 92 38 89 74 37 37 77 47 50 63 14 52 66 63 27 72 27
78 66 26 30 56 47 90 24 60 24 91 98 27 54 96 63 25 83 83 21 70 69 27 82 19
58 10 43 63 51 26 78 18 47 35 94 63 78 20 22 17 52 73 65 66 66 33 58 85 90
66 97 19 29 40 62 30 96 69 40 65 67 44 58 81 92 59 28 41 27 28 42 51 16 32
28 92 13 91 86 92 51 32 49 41 94 75 18 91 84 38 17 75 98 57 61 64 68 41 28
76 55 80 66 93 27 20 82 77 53 70 24 73 86 85 67 16 78 84 89 37 29 26 56 77
